309450
309451
309452
309453
309454
309455
309456
309457
309458
309459
309460
309461
309462
309463
309464
309465
309466
309467
309468
309469
309470
309471
309472
309473
309474
309475
309476
309477
309478
309479
309480
309726
309571
309572
309573
309574
309575
309576
309577
309578
309579
309580
309581
309582
309583
309584
309585
309586
309587
309588
309589
309590
309591
309592
309593
309594
309595
309596
309597
309598
309599
309600
309601
309602
309603
309604
309605
309606
309607
309608
309609
309610
309611
309612
309613
309614
309725
309703
309704
309705
309706
202060
309707
309708
309709
309710
309711
309712
309713
309714
309715
309716
309717
309718